976 , 676
134 , 44 , 160000
114 , 58 , 140000
84 , 58 , 150000
134 , 44 , 200000
114 , 58 , 200000
84 , 58 , 200000
134 , 44 , 20000
114 , 58 , 20000
84 , 58 , 20000
134 , 44 , 70000
114 , 58 , 70000
84 , 58 , 70000
134 , 44 , 40000
84 , 58 , 30000
134 , 44 , 100000
114 , 58 , 100000
84 , 58 , 110000
134 , 44 , 80000
114 , 58 , 60000
84 , 58 , 60000
134 , 44 , 30000
114 , 58 , 30000
84 , 58 , 40000
134 , 44 , 20000
114 , 58 , 30000
84 , 58 , 20000
134 , 44 , 80000
114 , 58 , 90000
84 , 58 , 90000
114 , 58 , 60000
84 , 58 , 60000
